{
 "cells": [
  {
   "cell_type": "code",
   "id": "initial_id",
   "metadata": {
    "collapsed": true,
    "ExecuteTime": {
     "end_time": "2026-03-30T15:23:24.072925600Z",
     "start_time": "2026-03-30T15:23:24.048598300Z"
    }
   },
   "source": [
    "# ======================================================================\n",
    "# COMPLEXITY: O(m * n * p) - Dot product of each row A with each column B.\n",
    "# DATA SHAPE: A(m, n) @ B(n, p) -> Result(m, p). Inner 'n' must match.\n",
    "# MATH: Non-Commutative -> AB != BA. Associative -> (AB)C = A(BC).\n",
    "# TOOLS: A @ B, np.matmul(A, B), A.dot(B)\n",
    "# ======================================================================\n",
    "\n",
    "import numpy as np\n",
    "\n",
    "# set global print options\n",
    "np.set_printoptions(suppress=True, precision=3)"
   ],
   "outputs": [],
   "execution_count": 1
  },
  {
   "metadata": {},
   "cell_type": "markdown",
   "source": [
    "### Standard Matrix Multiplication\n",
    "\n",
    "The Rule: To multiply matrix $A$ by matrix $B$, the number of columns in $A$ must equal the number of rows in $B$.\n",
    "* Shape Logic: $(m \\times n) \\times (n \\times p) \\rightarrow (m \\times p)$\n",
    "* The \"Inner\" Dimensions: Must match ($n$).\n",
    "* The \"Outer\" Dimensions: Define the shape of the resulting matrix ($m \\times p$).\n",
    "\n",
    "🛠️ NumPy Implementation\n",
    "Standard matrix multiplication (the Dot Product) is performed using @ or np.matmul() or A.dot(B).\n",
    "* This is not the same as A * B (which is element-wise)."
   ],
   "id": "977fa44f7351ada1"
  },
  {
   "metadata": {
    "ExecuteTime": {
     "end_time": "2026-03-30T15:58:42.435477500Z",
     "start_time": "2026-03-30T15:58:42.396540800Z"
    }
   },
   "cell_type": "code",
   "source": [
    "# create matrices\n",
    "\n",
    "m = 2\n",
    "n = 5\n",
    "k = 7\n",
    "\n",
    "A = np.random.randn(m,n) # 2x5 matrix\n",
    "B = np.random.randn(n,k) # 5x7 matrix\n",
    "C = np.random.randn(m,k) # 2x7 matrix\n",
    "\n",
    "print(f\"2x5 * 5x7 = 2x7 Matrix: \\n{np.matmul(A,B)}\\n\")\n",
    "print(f\"5x2 * 2x7 = 5x7 Matrix: \\n{A.T@C}\\n\")\n",
    "print(f\"5x7 * 7x5 = 5x5 Matrix: \\n{B.dot(B.T)}\\n\")\n",
    "print(f\"7x5 * 5x7 = 7x7 Matrix: \\n{(B.T@B)}\\n\")\n",
    "print(f\"2x7 * 7x5 = 2x5 Matrix: \\n{(C@B.T)}\\n\")"
   ],
   "id": "848668475f824449",
   "outputs": [
    {
     "name": "stdout",
     "output_type": "stream",
     "text": [
      "2x5 * 5x7 = 2x7 Matrix: \n",
      "[[-1.799  1.572 -0.628 -1.856 -1.378 -0.677 -0.909]\n",
      " [ 1.193 -0.435 -0.985 -2.872 -2.497 -1.412  1.132]]\n",
      "\n",
      "5x2 * 2x7 = 5x7 Matrix: \n",
      "[[-0.431 -0.607  0.221  0.692 -0.542 -0.196  0.765]\n",
      " [-0.21   1.7    0.844 -1.446 -0.459  0.426 -0.334]\n",
      " [-0.53  -0.888  0.219  0.976 -0.652 -0.278  0.99 ]\n",
      " [ 0.098  1.324  0.387 -1.216  0.007  0.354 -0.594]\n",
      " [-0.296  2.514  1.233 -2.143 -0.659  0.631 -0.513]]\n",
      "\n",
      "5x7 * 7x5 = 5x5 Matrix: \n",
      "[[ 6.279  0.081  1.365  5.014 -1.739]\n",
      " [ 0.081  3.741 -1.345  1.581 -2.19 ]\n",
      " [ 1.365 -1.345 11.44   5.252  3.489]\n",
      " [ 5.014  1.581  5.252  8.867 -2.884]\n",
      " [-1.739 -2.19   3.489 -2.884  9.211]]\n",
      "\n",
      "7x5 * 5x7 = 7x7 Matrix: \n",
      "[[12.095 -1.912 -2.757  0.893 -1.769 -6.206 -0.968]\n",
      " [-1.912  4.278  1.248  2.415  3.532 -0.6   -2.098]\n",
      " [-2.757  1.248  2.654  1.925  0.248  1.821 -0.851]\n",
      " [ 0.893  2.415  1.925  5.57   4.112 -0.119 -2.873]\n",
      " [-1.769  3.532  0.248  4.112  7.982  0.271 -1.324]\n",
      " [-6.206 -0.6    1.821 -0.119  0.271  4.325  1.014]\n",
      " [-0.968 -2.098 -0.851 -2.873 -1.324  1.014  2.634]]\n",
      "\n",
      "2x7 * 7x5 = 2x5 Matrix: \n",
      "[[-0.177  2.292 -1.602 -0.443  1.35 ]\n",
      " [-1.954  0.494  0.841 -2.055  1.842]]\n",
      "\n"
     ]
    }
   ],
   "execution_count": 21
  },
  {
   "metadata": {},
   "cell_type": "code",
   "outputs": [],
   "execution_count": null,
   "source": "",
   "id": "c562bbc7e1af0db2"
  }
 ],
 "metadata": {
  "kernelspec": {
   "display_name": "Python 3",
   "language": "python",
   "name": "python3"
  },
  "language_info": {
   "codemirror_mode": {
    "name": "ipython",
    "version": 2
   },
   "file_extension": ".py",
   "mimetype": "text/x-python",
   "name": "python",
   "nbconvert_exporter": "python",
   "pygments_lexer": "ipython2",
   "version": "2.7.6"
  }
 },
 "nbformat": 4,
 "nbformat_minor": 5
}
